,110- .

, 1010 11011 011 11 ε1111>1; 1101 1111 Ingunn 0116011111-1111110 1161111 110111 111

11001 11011010 111011 Xda 1110110811111110111011011010 1011101 11011110. 8111011

01011161 1101111 1101111 11011011 01 61111111 61 06011111 1101110 11111 11161001 01 ’

· 1161111181 01 le't 10111001633111ς. Humi 01016111 06111111 1101111 111 0111108100,
011161 111 011110 011111 1101111 11110111 11011 Ηο1111161110018113001111101111, er
p6rdr var 10111100 fra 1011111, 011116 01101111. ,809111 11011011116001101110100111
1110111011101111 1 ι1116101111011111111011 1010 ei 11011110. 1101161061 111110 61111 ¹
1111 110110 01 11111111 menn ecki 11010 1111 gengit 1 60111613 116 11011 um
010 1111111111 1100110101).Ι susan l6t Koikell gera 0016-111011 1111111005 11011
1101110οῑ 1101 1101111611, 11011 11111111 1101 1110111 0111, en 11011010 galdrar. pvi
01001 101101 6 111111 1111111111 1101 101111 1161111 103000010011 01 11001 16111-
000101, 01111 hans 101 3611 1011111. 1101111, 0111111110011 11111 51610101-οο0.
116161110611111111111111011011011110011161.110101101111101111, 01 11 1011111 10111,
01110011 10010111 1111 61111 01111 111111ςο 10101011 1160001115 10010110111001111
0111101161 1010 1161611111006161111,111101111101 01-101111101 sem 01011-
611011101. 8111011 1010 110111 0101111 1111 1011111 01 01 engi 1110111 mundi 01
11111 1101111 uppi 10111 01 101101 01111111 010 01 110301 11011111 upp ki61n‘nn.
110161001001111161111 01 011 1611100111 110110,011011111111101111111611; ok
mk 1101101110, er 111111 1011· maun-ey. 011111 1111101101 1 11 ey, er
8111111101-010111611011 111 11611101 101 1101 110301 1 land og 110110 16111-

11001ος 111111011111113101111011 1111110111 1101110, par er 0111011 1101111 Hahgs-nes.

cAP. 36ss Α

Pessi 1111011111 01111001 11611 01 1111111011 1110111110 11111111 11111 6111100-
11101111,0101110116119113111601110, 0011111011 110110111611111 11111101. 161111
’116111110111111111 atum 111111 11611101· ok 101 111111 111 0111011 ok 1111611 [ramat.

(11161110 11011111 010111, 111 101 101111 00011111 ok 10110111 1161111.1110000

1111111 bid Snorri godi ’01 110130101Ιί 3 1111111101 11100111 00111010 01 vin?

 

